office:
  population_growth: 0.21428571428571427
  GDP: 0.14285714285714285
  rental_cost: 0.2857142857142857
  competition_pressure: 0.35714285714285715
warehouse:
  population_density: 0.14705882352941177
  population_growth: 0.11764705882352941
  rental_cost: 0.20588235294117646
  infrastructure_quality: 0.08823529411764706
  amenity_score: 0.14705882352941177
  competition_pressure: 0.29411764705882354
retail_store:
  population_density: 0.1369
  population_growth: 0.099
  GDP: 0.1091
  rental_cost: 0.1091
  accessibility_distance: 0.1091
  infrastructure_quality: 0.1091
  amenity_score: 0.1091
  safety_score: 0.1091
  competition_pressure: 0.1091
gara:
  population_density: 0.0966
  population_growth: 0.1642
  GDP: 0.1667
  rental_cost: 0.1018
  accessibility_distance: 0.1036
  infrastructure_quality: 0.0936
  amenity_score: 0.0918
  safety_score: 0.0951
  competition_pressure: 0.0867
